0 0.000000e+00
1 9.218131e-06
2 7.773264e-06
3 6.459961e-06
4 5.299385e-06
5 4.303311e-06
6 3.472558e-06
7 2.797302e-06
8 2.259257e-06
9 1.835196e-06
10 1.500938e-06
11 1.234445e-06
12 1.017682e-06
13 8.371589e-07
14 6.836347e-07
15 5.512898e-07
16 4.367644e-07
17 3.382427e-07
18 2.547189e-07
19 1.854575e-07
20 1.296661e-07
21 8.626309e-08
22 5.405946e-08
23 3.142820e-08
24 1.583372e-08
25 5.466663e-09
26 0.000000e+00
27 1.363882e-05
28 1.139127e-05
29 9.382671e-06
30 7.641039e-06
31 6.175753e-06
32 4.976727e-06
33 4.017461e-06
34 3.260908e-06
35 2.666213e-06
36 2.194748e-06
37 1.813886e-06
38 1.498625e-06
39 1.231411e-06
40 1.000986e-06
41 8.007691e-07
42 6.272571e-07
43 4.786823e-07
44 3.540239e-07
45 2.522575e-07
46 1.717623e-07
47 1.109414e-07
48 6.786685e-08
49 3.770237e-08
50 1.689090e-08
51 3.834650e-09
52 0.000000e+00
53 1.502973e-05
54 1.252964e-05
55 1.029813e-05
56 8.368335e-06
57 6.750972e-06
58 5.433602e-06
59 4.384690e-06
60 3.560967e-06
61 2.915456e-06
62 2.404348e-06
63 1.991114e-06
64 1.648124e-06
65 1.356263e-06
66 1.103511e-06
67 8.830423e-07
68 6.914117e-07
69 5.270091e-07
70 3.889171e-07
71 2.760837e-07
72 1.868625e-07
73 1.202520e-07
74 7.346450e-08
75 4.033178e-08
76 1.745297e-08
77 3.337082e-09
78 0.000000e+00
79 1.594363e-05
80 1.327746e-05
81 1.089942e-05
82 8.845949e-06
83 7.128661e-06
84 5.733549e-06
85 4.625767e-06
86 3.757948e-06
87 3.079089e-06
88 2.541974e-06
89 2.107506e-06
90 1.746333e-06
91 1.438313e-06
92 1.170920e-06
93 9.371675e-07
94 7.336347e-07
95 5.588126e-07
96 4.118755e-07
97 2.917734e-07
98 1.968066e-07
99 1.263612e-07
100 7.714615e-08
101 4.206613e-08
102 1.781408e-08
103 3.012753e-09
104 0.000000e+00
105 1.681424e-05
106 1.398990e-05
107 1.147223e-05
108 9.301009e-06
109 7.488530e-06
110 6.019396e-06
111 4.855551e-06
112 3.945746e-06
113 3.235140e-06
114 2.673268e-06
115 2.218577e-06
116 1.840040e-06
117 1.516525e-06
118 1.235090e-06
119 9.887063e-07
120 7.738642e-07
121 5.890358e-07
122 4.337181e-07
123 3.066787e-07
124 2.062609e-07
125 1.321784e-07
126 8.063696e-08
127 4.370831e-08
128 1.815944e-08
129 2.701066e-09
130 0.000000e+00
131 2.836188e-05
132 2.329667e-05
133 1.897317e-05
134 1.538326e-05
135 1.247139e-05
136 1.014801e-05
137 8.307359e-06
138 6.843877e-06
139 5.663743e-06
140 4.691640e-06
141 3.872218e-06
142 3.168360e-06
143 2.557343e-06
144 2.026565e-06
145 1.569411e-06
146 1.182206e-06
147 8.620413e-07
148 6.051278e-07
149 4.063777e-07
150 2.597480e-07
151 1.575857e-07
152 8.626213e-08
153 3.785739e-08
154 9.039130e-09
155 -5.332706e-09
156 0.000000e+00
157 3.588284e-05
158 2.937175e-05
159 2.388130e-05
160 1.937121e-05
161 1.574213e-05
162 1.285791e-05
163 1.057068e-05
164 8.741108e-06
165 7.250826e-06
166 6.008606e-06
167 4.950023e-06
168 4.033688e-06
169 3.235403e-06
170 2.542458e-06
171 1.948488e-06
172 1.449562e-06
173 1.041554e-06
174 7.186821e-07
175 4.730974e-07
176 2.972558e-07
177 1.758960e-07
178 9.034838e-08
179 3.472967e-08
180 3.925373e-09
181 -1.001838e-08
182 0.000000e+00
183 4.047607e-05
184 3.307391e-05
185 2.686336e-05
186 2.178621e-05
187 1.771699e-05
188 1.449099e-05
189 1.193400e-05
190 9.885202e-06
191 8.210421e-06
192 6.808005e-06
193 5.607462e-06
194 4.564475e-06
195 3.653877e-06
196 2.863036e-06
197 2.185844e-06
198 1.618229e-06
199 1.155713e-06
200 7.913168e-07
201 5.159759e-07
202 3.220738e-07
203 1.883473e-07
204 9.358408e-08
205 3.311857e-08
206 7.572751e-10
207 -1.294235e-08
208 0.000000e+00
209 4.484221e-05
210 3.659279e-05
211 2.969756e-05
212 2.408127e-05
213 1.959364e-05
214 1.604276e-05
215 1.322937e-05
216 1.097222e-05
217 9.122087e-06
218 7.567424e-06
219 6.231983e-06
220 5.068673e-06
221 4.051381e-06
222 3.167487e-06
223 2.411183e-06
224 1.778402e-06
225 1.264147e-06
226 8.604231e-07
227 5.569333e-07
228 3.458944e-07
229 2.002935e-07
230 9.656626e-08
231 3.147366e-08
232 -2.160354e-09
233 -1.575335e-08
234 0.000000e+00
235 5.245509e-05
236 4.285348e-05
237 3.491429e-05
238 2.848058e-05
239 2.333180e-05
240 1.922332e-05
241 1.592096e-05
242 1.322319e-05
243 1.097120e-05
244 9.051732e-06
245 7.390134e-06
246 5.942298e-06
247 4.684582e-06
248 3.604833e-06
249 2.695735e-06
250 1.949976e-06
251 1.357380e-06
252 9.043171e-07
253 5.757431e-07
254 3.480869e-07
255 1.877470e-07
256 8.167295e-08
257 2.079730e-08
258 -8.517176e-09
259 -1.923544e-08
260 0.000000e+00
261 6.436060e-05
262 5.256847e-05
263 4.289448e-05
264 3.509378e-05
265 2.885804e-05
266 2.386582e-05
267 1.982316e-05
268 1.648704e-05
269 1.367278e-05
270 1.125265e-05
271 9.146054e-06
272 7.307492e-06
273 5.713736e-06
274 4.353140e-06
275 3.217083e-06
276 2.295290e-06
277 1.572448e-06
278 1.029048e-06
279 6.454295e-07
280 3.793563e-07
281 1.921757e-07
282 7.404912e-08
283 1.060007e-08
284 -1.727672e-08
285 -2.558762e-08
286 0.000000e+00
287 7.529394e-05
288 6.147609e-05
289 5.019966e-05
290 4.113929e-05
291 3.390543e-05
292 2.810517e-05
293 2.338845e-05
294 1.947273e-05
295 1.614819e-05
296 1.327341e-05
297 1.076193e-05
298 8.567040e-06
299 6.665969e-06
300 5.047512e-06
301 3.702543e-06
302 2.618129e-06
303 1.774466e-06
304 1.146943e-06
305 7.125641e-07
306 4.100508e-07
307 1.967507e-07
308 6.705433e-08
309 1.671059e-09
310 -2.542749e-08
311 -3.139162e-08
312 0.000000e+00
313 8.820930e-05
314 7.229755e-05
315 5.934279e-05
316 4.890512e-05
317 4.050467e-05
318 3.368457e-05
319 2.805538e-05
320 2.331458e-05
321 1.924519e-05
322 1.570635e-05
323 1.261521e-05
324 9.928443e-06
325 7.624029e-06
326 5.687960e-06
327 4.104425e-06
328 2.850701e-06
329 1.896267e-06
330 1.208250e-06
331 7.313559e-07
332 3.952431e-07
333 1.747621e-07
334 4.929258e-08
335 -1.073697e-08
336 -3.270563e-08
337 -3.588056e-08
338 0.000000e+00
339 1.128094e-04
340 9.271434e-05
341 7.641267e-05
342 6.326653e-05
343 5.262494e-05
344 4.389813e-05
345 3.660463e-05
346 3.038585e-05
347 2.499542e-05
348 2.028147e-05
349 1.616003e-05
350 1.259015e-05
351 9.550509e-06
352 7.023490e-06
353 4.984147e-06
354 3.395517e-06
355 2.211233e-06
356 1.383119e-06
357 8.069291e-07
358 4.037271e-07
359 1.542378e-07
360 2.338955e-08
361 -3.225655e-08
362 -4.786139e-08
363 -4.595277e-08
364 0.000000e+00
365 1.709478e-04
366 1.418373e-04
367 1.180703e-04
368 9.860935e-05
369 8.249509e-05
370 6.892479e-05
371 5.729128e-05
372 4.717731e-05
373 3.831887e-05
374 3.056837e-05
375 2.385101e-05
376 1.812908e-05
377 1.336806e-05
378 9.521429e-06
379 6.519431e-06
380 4.276414e-06
381 2.690413e-06
382 1.587810e-06
383 8.212403e-07
384 3.393881e-07
385 7.893583e-08
386 -3.759111e-08
387 -7.492174e-08
388 -7.558686e-08
389 -6.297034e-08
390 0.000000e+00
391 0.000000e+00
392 0.000000e+00
393 0.000000e+00
394 0.000000e+00
395 0.000000e+00
396 1.672580e-06
397 1.541419e-06
398 1.385872e-06
399 1.215835e-06
400 1.042479e-06
401 8.761993e-07
402 7.250307e-07
403 5.938222e-07
404 4.842952e-07
405 3.956397e-07
406 3.253804e-07
407 2.702227e-07
408 2.267415e-07
409 1.918385e-07
410 1.629933e-07
411 1.383133e-07
412 1.166660e-07
413 9.711471e-08
414 7.909752e-08
415 6.312010e-08
416 0.000000e+00
417 0.000000e+00
418 0.000000e+00
419 0.000000e+00
420 0.000000e+00
421 0.000000e+00
422 2.618634e-06
423 2.377026e-06
424 2.103450e-06
425 1.816804e-06
426 1.535800e-06
427 1.275771e-06
428 1.046885e-06
429 8.537751e-07
430 6.963678e-07
431 5.712566e-07
432 4.732004e-07
433 3.963969e-07
434 3.353931e-07
435 2.855548e-07
436 2.432599e-07
437 2.064748e-07
438 1.734339e-07
439 1.423795e-07
440 1.143527e-07
441 9.041359e-08
442 0.000000e+00
443 0.000000e+00
444 0.000000e+00
445 0.000000e+00
446 0.000000e+00
447 0.000000e+00
448 2.908478e-06
449 2.637315e-06
450 2.329251e-06
451 2.006656e-06
452 1.691320e-06
453 1.400758e-06
454 1.146285e-06
455 9.327735e-07
456 7.597428e-07
457 6.230099e-07
458 5.164209e-07
459 4.332814e-07
460 3.673640e-07
461 3.134506e-07
462 2.676362e-07
463 2.279144e-07
464 1.915174e-07
465 1.568335e-07
466 1.258440e-07
467 9.954787e-08
468 0.000000e+00
469 0.000000e+00
470 0.000000e+00
471 0.000000e+00
472 0.000000e+00
473 0.000000e+00
474 3.099027e-06
475 2.808417e-06
476 2.477664e-06
477 2.131422e-06
478 1.793506e-06
479 1.482865e-06
480 1.211570e-06
481 9.846472e-07
482 8.013469e-07
483 6.569733e-07
484 5.447721e-07
485 4.574695e-07
486 3.883422e-07
487 3.317735e-07
488 2.836444e-07
489 2.419949e-07
490 2.034152e-07
491 1.663430e-07
492 1.334013e-07
493 1.055566e-07
494 0.000000e+00
495 0.000000e+00
496 0.000000e+00
497 0.000000e+00
498 0.000000e+00
499 0.000000e+00
500 3.280690e-06
501 2.971492e-06
502 2.619087e-06
503 2.250295e-06
504 1.890854e-06
505 1.561068e-06
506 1.273725e-06
507 1.034018e-06
508 8.409775e-07
509 6.894091e-07
510 5.718400e-07
511 4.805228e-07
512 4.083797e-07
513 3.492636e-07
514 2.989199e-07
515 2.554197e-07
516 2.147388e-07
517 1.754029e-07
518 1.405997e-07
519 1.112761e-07
520 0.000000e+00
521 0.000000e+00
522 0.000000e+00
523 0.000000e+00
524 0.000000e+00
525 0.000000e+00
526 6.071545e-06
527 5.303136e-06
528 4.532506e-06
529 3.803534e-06
530 3.148298e-06
531 2.584674e-06
532 2.117381e-06
533 1.740804e-06
534 1.442791e-06
535 1.208209e-06
536 1.021928e-06
537 8.706079e-07
538 7.435153e-07
539 6.330513e-07
540 5.346202e-07
541 4.448093e-07
542 3.607760e-07
543 2.868166e-07
544 2.246898e-07
545 1.723069e-07
546 0.000000e+00
547 0.000000e+00
548 0.000000e+00
549 0.000000e+00
550 0.000000e+00
551 0.000000e+00
552 7.874177e-06
553 6.811613e-06
554 5.773639e-06
555 4.814266e-06
556 3.969232e-06
557 3.254808e-06
558 2.670693e-06
559 2.204567e-06
560 1.837422e-06
561 1.548032e-06
562 1.316283e-06
563 1.125212e-06
564 9.619245e-07
565 8.177546e-07
566 6.883943e-07
567 5.673016e-07
568 4.553697e-07
569 3.598814e-07
570 2.799165e-07
571 2.122370e-07
572 0.000000e+00
573 0.000000e+00
574 0.000000e+00
575 0.000000e+00
576 0.000000e+00
577 0.000000e+00
578 8.976651e-06
579 7.735720e-06
580 6.533936e-06
581 5.432324e-06
582 4.469533e-06
583 3.661336e-06
584 3.004662e-06
585 2.483249e-06
586 2.073889e-06
587 1.751431e-06
588 1.492542e-06
589 1.278113e-06
590 1.093552e-06
591 9.298441e-07
592 7.825706e-07
593 6.424477e-07
594 5.136499e-07
595 4.050966e-07
596 3.142930e-07
597 2.373576e-07
598 0.000000e+00
599 0.000000e+00
600 0.000000e+00
601 0.000000e+00
602 0.000000e+00
603 0.000000e+00
604 1.002489e-05
605 8.614342e-06
606 7.256780e-06
607 6.019907e-06
608 4.945144e-06
609 4.047794e-06
610 3.322135e-06
611 2.748138e-06
612 2.298604e-06
613 1.944723e-06
614 1.660104e-06
615 1.423413e-06
616 1.218659e-06
617 1.036340e-06
618 8.719475e-07
619 7.136865e-07
620 5.688947e-07
621 4.481106e-07
622 3.471020e-07
623 2.611673e-07
624 0.000000e+00
625 0.000000e+00
626 0.000000e+00
627 0.000000e+00
628 0.000000e+00
629 0.000000e+00
630 1.188973e-05
631 1.012285e-05
632 8.480978e-06
633 7.025463e-06
634 5.786882e-06
635 4.767172e-06
636 3.948340e-06
637 3.299705e-06
638 2.785926e-06
639 2.373046e-06
640 2.031854e-06
641 1.739859e-06
642 1.481755e-06
643 1.249227e-06
644 1.033321e-06
645 8.325287e-07
646 6.594178e-07
647 5.140907e-07
648 3.912517e-07
649 2.885284e-07
650 0.000000e+00
651 0.000000e+00
652 0.000000e+00
653 0.000000e+00
654 0.000000e+00
655 0.000000e+00
656 1.476315e-05
657 1.248916e-05
658 1.041741e-05
659 8.611858e-06
660 7.096684e-06
661 5.862780e-06
662 4.878554e-06
663 4.100224e-06
664 3.481061e-06
665 2.978033e-06
666 2.556001e-06
667 2.188774e-06
668 1.860110e-06
669 1.561778e-06
670 1.279246e-06
671 1.022236e-06
672 8.054645e-07
673 6.233093e-07
674 4.691936e-07
675 3.414450e-07
676 0.000000e+00
677 0.000000e+00
678 0.000000e+00
679 0.000000e+00
680 0.000000e+00
681 0.000000e+00
682 1.741295e-05
683 1.467058e-05
684 1.220035e-05
685 1.006952e-05
686 8.297359e-06
687 6.864675e-06
688 5.727591e-06
689 4.829960e-06
690 4.114392e-06
691 3.529591e-06
692 3.034392e-06
693 2.599119e-06
694 2.206801e-06
695 1.848969e-06
696 1.505152e-06
697 1.196701e-06
698 9.406567e-07
699 7.250020e-07
700 5.414225e-07
701 3.909068e-07
702 0.000000e+00
703 0.000000e+00
704 0.000000e+00
705 0.000000e+00
706 0.000000e+00
707 0.000000e+00
708 2.036598e-05
709 1.710067e-05
710 1.421990e-05
711 1.177362e-05
712 9.760273e-06
713 8.139919e-06
714 6.850584e-06
715 5.821845e-06
716 4.986458e-06
717 4.287358e-06
718 3.681228e-06
719 3.139374e-06
720 2.647265e-06
721 2.186220e-06
722 1.758644e-06
723 1.391410e-06
724 1.082838e-06
725 8.219973e-07
726 6.043588e-07
727 4.291866e-07
728 0.000000e+00
729 0.000000e+00
730 0.000000e+00
731 0.000000e+00
732 0.000000e+00
733 0.000000e+00
734 2.608509e-05
735 2.181713e-05
736 1.812228e-05
737 1.503288e-05
738 1.251915e-05
739 1.050873e-05
740 8.908569e-06
741 7.621554e-06
742 6.560208e-06
743 5.654005e-06
744 4.852388e-06
745 4.125784e-06
746 3.459120e-06
747 2.822991e-06
748 2.249841e-06
749 1.768669e-06
750 1.363776e-06
751 1.021524e-06
752 7.390619e-07
753 5.159259e-07
754 0.000000e+00
755 0.000000e+00
756 0.000000e+00
757 0.000000e+00
758 0.000000e+00
759 0.000000e+00
760 3.868232e-05
761 3.238286e-05
762 2.708092e-05
763 2.273135e-05
764 1.922026e-05
765 1.639640e-05
766 1.410130e-05
767 1.218781e-05
768 1.053802e-05
769 9.066652e-06
770 7.724398e-06
771 6.482816e-06
772 5.306983e-06
773 4.241241e-06
774 3.336868e-06
775 2.575545e-06
776 1.933707e-06
777 1.404163e-06
778 9.847529e-07
779 6.680221e-07
780 0.000000e+00
781 0.000000e+00
782 0.000000e+00
783 0.000000e+00
784 0.000000e+00
785 0.000000e+00
786 0.000000e+00
787 0.000000e+00
788 0.000000e+00
789 0.000000e+00
790 0.000000e+00
791 0.000000e+00
792 0.000000e+00
793 0.000000e+00
794 0.000000e+00
795 0.000000e+00
796 1.013936e-05
797 8.676856e-06
798 7.285656e-06
799 5.968295e-06
800 4.752279e-06
801 3.628585e-06
802 2.599301e-06
803 1.888527e-06
804 1.393281e-06
805 9.316415e-07
806 0.000000e+00
807 0.000000e+00
808 0.000000e+00
809 0.000000e+00
810 0.000000e+00
811 0.000000e+00
812 0.000000e+00
813 0.000000e+00
814 0.000000e+00
815 0.000000e+00
816 0.000000e+00
817 0.000000e+00
818 0.000000e+00
819 0.000000e+00
820 0.000000e+00
821 0.000000e+00
822 6.142380e-05
823 5.129102e-05
824 4.177619e-05
825 3.302929e-05
826 2.515513e-05
827 1.832222e-05
828 1.329394e-05
829 9.523134e-06
830 6.374768e-06
831 3.882451e-06
832 0.000000e+00
833 0.000000e+00
834 0.000000e+00
835 0.000000e+00
836 0.000000e+00
837 0.000000e+00
838 0.000000e+00
839 0.000000e+00
840 0.000000e+00
841 0.000000e+00
842 0.000000e+00
843 0.000000e+00
844 0.000000e+00
845 0.000000e+00
846 0.000000e+00
847 0.000000e+00
848 9.336035e-05
849 7.758445e-05
850 6.282783e-05
851 4.932847e-05
852 3.720396e-05
853 2.694771e-05
854 1.964177e-05
855 1.390756e-05
856 9.116852e-06
857 5.464919e-06
858 0.000000e+00
859 0.000000e+00
860 0.000000e+00
861 0.000000e+00
862 0.000000e+00
863 0.000000e+00
864 0.000000e+00
865 0.000000e+00
866 0.000000e+00
867 0.000000e+00
868 0.000000e+00
869 0.000000e+00
870 0.000000e+00
871 0.000000e+00
872 0.000000e+00
873 0.000000e+00
874 1.136021e-04
875 9.425658e-05
876 7.617899e-05
877 5.967135e-05
878 4.485939e-05
879 3.243124e-05
880 2.367209e-05
881 1.669658e-05
882 1.086531e-05
883 6.475492e-06
884 0.000000e+00
885 0.000000e+00
886 0.000000e+00
887 0.000000e+00
888 0.000000e+00
889 0.000000e+00
890 0.000000e+00
891 0.000000e+00
892 0.000000e+00
893 0.000000e+00
894 0.000000e+00
895 0.000000e+00
896 0.000000e+00
897 0.000000e+00
898 0.000000e+00
899 0.000000e+00
900 1.328489e-04
901 1.101073e-04
902 8.886953e-05
903 6.949964e-05
904 5.213347e-05
905 3.764674e-05
906 2.750243e-05
907 1.934894e-05
908 1.252679e-05
909 7.436509e-06
910 0.000000e+00
911 0.000000e+00
912 0.000000e+00
913 0.000000e+00
914 0.000000e+00
915 0.000000e+00
916 0.000000e+00
917 0.000000e+00
918 0.000000e+00
919 0.000000e+00
920 0.000000e+00
921 0.000000e+00
922 0.000000e+00
923 0.000000e+00
924 -3.250776e-06
925 -2.735824e-06
926 -2.255708e-06
927 -1.814344e-06
928 -1.417800e-06
929 -1.066999e-06
930 -7.646749e-07
931 -5.901987e-07
932 -4.244560e-07
933 -2.693891e-07
934 -1.671529e-07
935 -1.035119e-07
936 0.000000e+00
937 0.000000e+00
938 0.000000e+00
939 0.000000e+00
940 0.000000e+00
941 0.000000e+00
942 0.000000e+00
943 0.000000e+00
944 0.000000e+00
945 0.000000e+00
946 0.000000e+00
947 0.000000e+00
948 0.000000e+00
949 0.000000e+00
950 1.337267e-05
951 1.132536e-05
952 9.345788e-06
953 7.477154e-06
954 5.771785e-06
955 4.267012e-06
956 2.884795e-06
957 2.135309e-06
958 1.553708e-06
959 9.025512e-07
960 4.743777e-07
961 2.357230e-07
962 0.000000e+00
963 0.000000e+00
964 0.000000e+00
965 0.000000e+00
966 0.000000e+00
967 0.000000e+00
968 0.000000e+00
969 0.000000e+00
970 0.000000e+00
971 0.000000e+00
972 0.000000e+00
973 0.000000e+00
974 0.000000e+00
975 0.000000e+00
976 7.677286e-05
977 6.429533e-05
978 5.241220e-05
979 4.139150e-05
980 3.149914e-05
981 2.271253e-05
982 1.582425e-05
983 1.195789e-05
984 7.965609e-06
985 4.568975e-06
986 2.472885e-06
987 1.299303e-06
988 0.000000e+00
989 0.000000e+00
990 0.000000e+00
991 0.000000e+00
992 0.000000e+00
993 0.000000e+00
994 0.000000e+00
995 0.000000e+00
996 0.000000e+00
997 0.000000e+00
998 0.000000e+00
999 0.000000e+00
1000 0.000000e+00
1001 0.000000e+00
1002 1.266311e-04
1003 1.058331e-04
1004 8.606416e-05
1005 6.778639e-05
1006 5.142072e-05
1007 3.687644e-05
1008 2.589193e-05
1009 1.951847e-05
1010 1.280673e-05
1011 7.320758e-06
1012 3.968539e-06
1013 2.094485e-06
1014 0.000000e+00
1015 0.000000e+00
1016 0.000000e+00
1017 0.000000e+00
1018 0.000000e+00
1019 0.000000e+00
1020 0.000000e+00
1021 0.000000e+00
1022 0.000000e+00
1023 0.000000e+00
1024 0.000000e+00
1025 0.000000e+00
1026 0.000000e+00
1027 0.000000e+00
1028 1.729048e-04
1029 1.443905e-04
1030 1.173102e-04
1031 9.230053e-05
1032 6.992906e-05
1033 5.004400e-05
1034 3.524311e-05
1035 2.654505e-05
1036 1.731263e-05
1037 9.883230e-06
1038 5.361602e-06
1039 2.835167e-06
1040 0.000000e+00
1041 0.000000e+00
1042 0.000000e+00
1043 0.000000e+00
1044 0.000000e+00
1045 0.000000e+00
1046 0.000000e+00
1047 0.000000e+00
1048 0.000000e+00
1049 0.000000e+00
1050 0.000000e+00
1051 0.000000e+00
1052 0.000000e+00
1053 -5.566717e-07
1054 -4.666025e-07
1055 -3.914366e-07
1056 -3.275986e-07
1057 -2.725028e-07
1058 -2.243404e-07
1059 -1.812975e-07
1060 -1.467888e-07
1061 -1.172801e-07
1062 -8.891322e-08
1063 -6.632780e-08
1064 -4.902339e-08
1065 -3.551627e-08
1066 0.000000e+00
1067 0.000000e+00
1068 0.000000e+00
1069 0.000000e+00
1070 0.000000e+00
1071 0.000000e+00
1072 0.000000e+00
1073 0.000000e+00
1074 0.000000e+00
1075 0.000000e+00
1076 0.000000e+00
1077 0.000000e+00
1078 0.000000e+00
1079 -4.713464e-06
1080 -3.956837e-06
1081 -3.250656e-06
1082 -2.603332e-06
1083 -2.024614e-06
1084 -1.510627e-06
1085 -1.087056e-06
1086 -8.614480e-07
1087 -5.880567e-07
1088 -3.731979e-07
1089 -2.353968e-07
1090 -1.477195e-07
1091 -9.206929e-08
1092 0.000000e+00
1093 0.000000e+00
1094 0.000000e+00
1095 0.000000e+00
1096 0.000000e+00
1097 0.000000e+00
1098 0.000000e+00
1099 0.000000e+00
1100 0.000000e+00
1101 0.000000e+00
1102 0.000000e+00
1103 0.000000e+00
1104 0.000000e+00
1105 2.582896e-05
1106 2.171869e-05
1107 1.775493e-05
1108 1.404729e-05
1109 1.070361e-05
1110 7.755901e-06
1111 5.222363e-06
1112 4.032338e-06
1113 2.719752e-06
1114 1.522133e-06
1115 7.977602e-07
1116 4.005509e-07
1117 1.958480e-07
1118 0.000000e+00
1119 0.000000e+00
1120 0.000000e+00
1121 0.000000e+00
1122 0.000000e+00
1123 0.000000e+00
1124 0.000000e+00
1125 0.000000e+00
1126 0.000000e+00
1127 0.000000e+00
1128 0.000000e+00
1129 0.000000e+00
1130 0.000000e+00
1131 1.026673e-04
1132 8.586059e-05
1133 6.979521e-05
1134 5.490644e-05
1135 4.158624e-05
1136 2.975932e-05
1137 2.060103e-05
1138 1.586692e-05
1139 1.025131e-05
1140 5.779664e-06
1141 3.107783e-06
1142 1.628681e-06
1143 8.403468e-07
1144 0.000000e+00
1145 0.000000e+00
1146 0.000000e+00
1147 0.000000e+00
1148 0.000000e+00
1149 0.000000e+00
1150 0.000000e+00
1151 0.000000e+00
1152 0.000000e+00
1153 0.000000e+00
1154 0.000000e+00
1155 0.000000e+00
1156 0.000000e+00
1157 1.783914e-04
1158 1.489808e-04
1159 1.209289e-04
1160 9.500095e-05
1161 7.184103e-05
1162 5.124119e-05
1163 3.569383e-05
1164 2.744309e-05
1165 1.759078e-05
1166 9.921939e-06
1167 5.356273e-06
1168 2.819467e-06
1169 1.465431e-06
1170 0.000000e+00
1171 0.000000e+00
1172 0.000000e+00
1173 0.000000e+00
1174 0.000000e+00
1175 0.000000e+00
1176 0.000000e+00
1177 0.000000e+00
1178 0.000000e+00
1179 0.000000e+00
1180 0.000000e+00
1181 0.000000e+00
1182 -9.001682e-08
1183 -7.428409e-08
1184 -6.201630e-08
1185 -5.233599e-08
1186 -4.449368e-08
1187 -3.791013e-08
1188 -3.217882e-08
1189 -2.705659e-08
1190 -2.243385e-08
1191 -1.815052e-08
1192 -1.427670e-08
1193 -1.104251e-08
1194 -8.392854e-09
1195 -6.192183e-09
1196 0.000000e+00
1197 0.000000e+00
1198 0.000000e+00
1199 0.000000e+00
1200 0.000000e+00
1201 0.000000e+00
1202 0.000000e+00
1203 0.000000e+00
1204 0.000000e+00
1205 0.000000e+00
1206 0.000000e+00
1207 0.000000e+00
1208 -7.812134e-07
1209 -6.628404e-07
1210 -5.532327e-07
1211 -4.524410e-07
1212 -3.612962e-07
1213 -2.804928e-07
1214 -2.076470e-07
1215 -1.590072e-07
1216 -1.211101e-07
1217 -8.151179e-08
1218 -5.371645e-08
1219 -3.527205e-08
1220 -2.297691e-08
1221 -1.473049e-08
1222 0.000000e+00
1223 0.000000e+00
1224 0.000000e+00
1225 0.000000e+00
1226 0.000000e+00
1227 0.000000e+00
1228 0.000000e+00
1229 0.000000e+00
1230 0.000000e+00
1231 0.000000e+00
1232 0.000000e+00
1233 0.000000e+00
1234 -3.013086e-06
1235 -2.515305e-06
1236 -2.044793e-06
1237 -1.612950e-06
1238 -1.229575e-06
1239 -8.910881e-07
1240 -6.161645e-07
1241 -5.133899e-07
1242 -3.195206e-07
1243 -1.894046e-07
1244 -1.136488e-07
1245 -6.824048e-08
1246 -4.101847e-08
1247 -2.442136e-08
1248 0.000000e+00
1249 0.000000e+00
1250 0.000000e+00
1251 0.000000e+00
1252 0.000000e+00
1253 0.000000e+00
1254 0.000000e+00
1255 0.000000e+00
1256 0.000000e+00
1257 0.000000e+00
1258 0.000000e+00
1259 0.000000e+00
1260 5.501416e-05
1261 4.635144e-05
1262 3.799004e-05
1263 3.015446e-05
1264 2.308253e-05
1265 1.685008e-05
1266 1.146983e-05
1267 8.841471e-06
1268 6.048277e-06
1269 3.476785e-06
1270 1.897041e-06
1271 1.004701e-06
1272 5.257547e-07
1273 2.714820e-07
1274 0.000000e+00
1275 0.000000e+00
1276 0.000000e+00
1277 0.000000e+00
1278 0.000000e+00
1279 0.000000e+00
1280 0.000000e+00
1281 0.000000e+00
1282 0.000000e+00
1283 0.000000e+00
1284 0.000000e+00
1285 0.000000e+00
1286 1.717998e-04
1287 1.442979e-04
1288 1.178253e-04
1289 9.315062e-05
1290 7.097729e-05
1291 5.137307e-05
1292 3.517498e-05
1293 2.729585e-05
1294 1.813196e-05
1295 1.036124e-05
1296 5.653058e-06
1297 3.005834e-06
1298 1.581322e-06
1299 8.220177e-07
1300 0.000000e+00
1301 0.000000e+00
1302 0.000000e+00
1303 0.000000e+00
1304 0.000000e+00
1305 0.000000e+00
1306 0.000000e+00
1307 0.000000e+00
1308 0.000000e+00
1309 0.000000e+00
1310 0.000000e+00
1311 6.701133e-07
1312 5.474100e-07
1313 4.516706e-07
1314 3.772579e-07
1315 3.186708e-07
1316 2.712701e-07
1317 2.314689e-07
1318 1.967701e-07
1319 1.656754e-07
1320 1.374467e-07
1321 1.112033e-07
1322 8.744230e-08
1323 6.766333e-08
1324 5.144632e-08
1325 3.793688e-08
1326 0.000000e+00
1327 0.000000e+00
1328 0.000000e+00
1329 0.000000e+00
1330 0.000000e+00
1331 0.000000e+00
1332 0.000000e+00
1333 0.000000e+00
1334 0.000000e+00
1335 0.000000e+00
1336 0.000000e+00
1337 1.733142e-06
1338 1.456463e-06
1339 1.235739e-06
1340 1.054730e-06
1341 9.009329e-07
1342 7.657328e-07
1343 6.439422e-07
1344 5.330911e-07
1345 4.322048e-07
1346 3.403547e-07
1347 2.619427e-07
1348 1.990011e-07
1349 1.472150e-07
1350 1.047095e-07
1351 7.146064e-08
1352 0.000000e+00
1353 0.000000e+00
1354 0.000000e+00
1355 0.000000e+00
1356 0.000000e+00
1357 0.000000e+00
1358 0.000000e+00
1359 0.000000e+00
1360 0.000000e+00
1361 0.000000e+00
1362 0.000000e+00
1363 2.011091e-06
1364 1.708821e-06
1365 1.479647e-06
1366 1.301493e-06
1367 1.144374e-06
1368 9.948592e-07
1369 8.631949e-07
1370 7.169897e-07
1371 5.663899e-07
1372 4.547970e-07
1373 3.585715e-07
1374 2.721046e-07
1375 1.967565e-07
1376 1.358405e-07
1377 9.007584e-08
1378 0.000000e+00
1379 0.000000e+00
1380 0.000000e+00
1381 0.000000e+00
1382 0.000000e+00
1383 0.000000e+00
1384 0.000000e+00
1385 0.000000e+00
1386 0.000000e+00
1387 0.000000e+00
1388 0.000000e+00
1389 9.454125e-06
1390 8.108595e-06
1391 6.858726e-06
1392 5.696636e-06
1393 4.628467e-06
1394 3.668727e-06
1395 2.792240e-06
1396 2.076362e-06
1397 1.634535e-06
1398 1.142078e-06
1399 7.687907e-07
1400 5.078904e-07
1401 3.290623e-07
1402 2.088385e-07
1403 1.296551e-07
1404 0.000000e+00
1405 0.000000e+00
1406 0.000000e+00
1407 0.000000e+00
1408 0.000000e+00
1409 0.000000e+00
1410 0.000000e+00
1411 0.000000e+00
1412 0.000000e+00
1413 0.000000e+00
1414 0.000000e+00
1415 1.420724e-04
1416 1.203620e-04
1417 9.921684e-05
1418 7.933543e-05
1419 6.132908e-05
1420 4.537740e-05
1421 3.126964e-05
1422 2.381526e-05
1423 1.689637e-05
1424 1.006942e-05
1425 5.713577e-06
1426 3.171543e-06
1427 1.746353e-06
1428 9.501078e-07
1429 5.180603e-07
1430 0.000000e+00
1431 0.000000e+00
1432 0.000000e+00
1433 0.000000e+00
1434 0.000000e+00
1435 0.000000e+00
1436 0.000000e+00
1437 0.000000e+00
1438 0.000000e+00
1439 0.000000e+00
1440 0.000000e+00
1441 0.000000e+00
1442 0.000000e+00
1443 0.000000e+00
1444 0.000000e+00
1445 0.000000e+00
1446 4.221143e-03
1447 2.797523e-03
1448 1.745051e-03
1449 1.014139e-03
1450 5.553994e-04
1451 3.117759e-04
1452 1.051776e-04
1453 -3.724665e-05
1454 -7.196372e-05
1455 -5.206819e-05
1456 0.000000e+00
1457 0.000000e+00
1458 0.000000e+00
1459 0.000000e+00
1460 0.000000e+00
1461 0.000000e+00
1462 0.000000e+00
1463 0.000000e+00
1464 0.000000e+00
1465 0.000000e+00
1466 0.000000e+00
1467 0.000000e+00
1468 0.000000e+00
1469 0.000000e+00
1470 5.921769e-03
1471 3.971983e-03
1472 2.519700e-03
1473 1.499861e-03
1474 8.363096e-04
1475 4.820713e-04
1476 2.822361e-04
1477 -2.296783e-05
1478 -8.226043e-05
1479 -4.868010e-05
1480 -2.333880e-05
1481 -9.668770e-06
1482 0.000000e+00
1483 0.000000e+00
1484 0.000000e+00
1485 0.000000e+00
1486 0.000000e+00
1487 0.000000e+00
1488 0.000000e+00
1489 0.000000e+00
1490 0.000000e+00
1491 0.000000e+00
1492 0.000000e+00
1493 0.000000e+00
1494 0.000000e+00
1495 6.141481e-03
1496 4.108577e-03
1497 2.601254e-03
1498 1.548081e-03
1499 8.661823e-04
1500 5.056920e-04
1501 3.098408e-04
1502 -3.403554e-05
1503 -8.228247e-05
1504 -4.561347e-05
1505 -1.902318e-05
1506 -7.901299e-06
1507 -2.644413e-06
1508 0.000000e+00
1509 0.000000e+00
1510 0.000000e+00
1511 0.000000e+00
1512 0.000000e+00
1513 0.000000e+00
1514 0.000000e+00
1515 0.000000e+00
1516 0.000000e+00
1517 0.000000e+00
1518 0.000000e+00
1519 0.000000e+00
1520 6.257919e-03
1521 4.207736e-03
1522 2.677252e-03
1523 1.598837e-03
1524 8.919461e-04
1525 4.947885e-04
1526 3.324171e-04
1527 -1.356800e-05
1528 -9.216756e-05
1529 -5.340995e-05
1530 -2.453648e-05
1531 -1.013776e-05
1532 -3.212622e-06
1533 -1.459012e-06
1534 0.000000e+00
1535 0.000000e+00
1536 0.000000e+00
1537 0.000000e+00
1538 0.000000e+00
1539 0.000000e+00
1540 0.000000e+00
1541 0.000000e+00
1542 0.000000e+00
1543 0.000000e+00
1544 0.000000e+00
1545 6.343889e-03
1546 4.300237e-03
1547 2.759677e-03
1548 1.661572e-03
1549 9.308016e-04
1550 4.969416e-04
1551 3.390571e-04
1552 3.780629e-05
1553 -1.023702e-04
1554 -6.839885e-05
1555 -3.306185e-05
1556 -1.302953e-05
1557 -6.087818e-06
1558 -1.519060e-06
1559 -1.000231e-06
